500|1|1698|4001679|160||
501|1698|4001679|160|1|A1|160||GCI880513UL6|AOGM850118HJCRNR02|19.27730|127404|4680|0|6361|0|34005.500|7|1|1|9|GRUPO CIOSA, S. A. P. I.  DE C. V.|PASEO DEL VALLE|SN|5131|45010|Zapopan|JA|MEX|MAM990513H56|0|0|0|0|0|
502|4001679|||EACETUSV006W|SGP|COSCO|0||
503|4001679|COSU6393176870|M|
504|4001679|DFSU1171193|01|
504|4001679|CBHU4359351|01|
505|4001679|19082024|COVE2471FBCF6|FOB|USD|105221.58|105221.58|HKG||2788261|HUAN YU INTERNATIONAL TRADE CO., LIMITED|WOON LEE COMMERCIAL BUILDING AUSTIN AVE TST|ROOM 70 7/|7-9|SN|KL,|
506|4001679|1|21092024|
506|4001679|2|23092024|
507|4001679|CR|241|||
507|4001679|ED|0192240Y34JS3|||
507|4001679|ED|04382411DCO91|||
507|4001679|SO|AA|||
509|4001679|1|8.00000|7|
509|4001679|15|290.00000|2|
509|4001679|23|16.00000|1|
510|4001679|1|0|17335|
510|4001679|15|0|290|
510|4001679|23|0|46|
511|4001679|1|SE ANEXA BL REVALIDADO, FACTURA COMERCIAL, CARTA DECLARATORIA; DE CONFORMIDAD CON EL ART. 36 Y 36-A FRACCION I DE LA LEY|
511|4001679|2|ADUANERA.    - - Relacion de facturas - - FACTR: HUAN YU INTERNATIONAL TRADE CO., LIMITED,2788261,ML20240819,19-08-2024,|
511|4001679|3|COVE2471FBCF6,USD,105,221.580|
551|4001679|87083004|1|00|BALATAS|137.63462|7645|7157|371.28|52.000|12|52.00000|6||0|1||||CHN|HKG|||||
553|4001679|87083004|1|N3||NOM-050-SCFI-2004|||
554|4001679|87083004|1|UM|T|||
554|4001679|87083004|1|ES|N|||
556|4001679|87083004|1|3|16.0000000000|1|
557|4001679|87083004|1|3|0|1233|
551|4001679|87083004|2|00|BALATAS|114.50000|6360|5954|308.88|52.000|12|52.00000|6||0|1||||CHN|HKG|||||
553|4001679|87083004|2|N3||NOM-050-SCFI-2004|||
554|4001679|87083004|2|UM|T|||
554|4001679|87083004|2|ES|N|||
556|4001679|87083004|2|3|16.0000000000|1|
557|4001679|87083004|2|3|0|1026|
551|4001679|87083004|3|00|BALATAS|174.26923|9681|9062|470.08|52.000|12|52.00000|6||0|1||||CHN|HKG|||||
553|4001679|87083004|3|N3||NOM-050-SCFI-2004|||
554|4001679|87083004|3|UM|T|||
554|4001679|87083004|3|ES|N|||
556|4001679|87083004|3|3|16.0000000000|1|
557|4001679|87083004|3|3|0|1561|
551|4001679|87083004|4|00|BALATAS|95.04286|7107|6653|345.10|70.000|12|70.00000|6||0|1||||CHN|HKG|||||
553|4001679|87083004|4|N3||NOM-050-SCFI-2004|||
554|4001679|87083004|4|UM|T|||
554|4001679|87083004|4|ES|N|||
556|4001679|87083004|4|3|16.0000000000|1|
557|4001679|87083004|4|3|0|1146|
551|4001679|87083004|5|00|BALATAS|93.50000|4994|4675|242.50|50.000|12|50.00000|6||0|1||||CHN|HKG|||||
553|4001679|87083004|5|N3||NOM-050-SCFI-2004|||
554|4001679|87083004|5|UM|T|||
554|4001679|87083004|5|ES|N|||
556|4001679|87083004|5|3|16.0000000000|1|
557|4001679|87083004|5|3|0|805|
551|4001679|87083004|6|00|BALATAS|109.50000|5849|5475|284.00|50.000|12|50.00000|6||0|1||||CHN|HKG|||||
553|4001679|87083004|6|N3||NOM-050-SCFI-2004|||
554|4001679|87083004|6|UM|T|||
554|4001679|87083004|6|ES|N|||
556|4001679|87083004|6|3|16.0000000000|1|
557|4001679|87083004|6|3|0|943|
551|4001679|87083004|7|00|BALATAS|126.84667|20326|19027|987.00|150.000|12|150.00000|6||0|1||||CHN|HKG|||||
553|4001679|87083004|7|N3||NOM-050-SCFI-2004|||
554|4001679|87083004|7|UM|T|||
554|4001679|87083004|7|ES|N|||
556|4001679|87083004|7|3|16.0000000000|1|
557|4001679|87083004|7|3|0|3278|
551|4001679|87083004|8|00|BALATAS|120.30000|3855|3609|187.20|30.000|12|30.00000|6||0|1||||CHN|HKG|||||
553|4001679|87083004|8|N3||NOM-050-SCFI-2004|||
554|4001679|87083004|8|UM|T|||
554|4001679|87083004|8|ES|N|||
556|4001679|87083004|8|3|16.0000000000|1|
557|4001679|87083004|8|3|0|622|
551|4001679|87083004|9|00|BALATAS|131.86000|7043|6593|342.00|50.000|12|50.00000|6||0|1||||CHN|HKG|||||
553|4001679|87083004|9|N3||NOM-050-SCFI-2004|||
554|4001679|87083004|9|UM|T|||
554|4001679|87083004|9|ES|N|||
556|4001679|87083004|9|3|16.0000000000|1|
557|4001679|87083004|9|3|0|1136|
551|4001679|87083004|10|00|BALATAS|100.24000|5354|5012|260.00|50.000|12|50.00000|6||0|1||||CHN|HKG|||||
553|4001679|87083004|10|N3||NOM-050-SCFI-2004|||
554|4001679|87083004|10|UM|T|||
554|4001679|87083004|10|ES|N|||
556|4001679|87083004|10|3|16.0000000000|1|
557|4001679|87083004|10|3|0|864|
551|4001679|87083004|11|00|BALATAS|68.62000|3665|3431|178.00|50.000|12|50.00000|6||0|1||||CHN|HKG|||||
553|4001679|87083004|11|N3||NOM-050-SCFI-2004|||
554|4001679|87083004|11|UM|T|||
554|4001679|87083004|11|ES|N|||
556|4001679|87083004|11|3|16.0000000000|1|
557|4001679|87083004|11|3|0|591|
551|4001679|87083004|12|00|BALATAS|92.54000|4943|4627|240.00|50.000|12|50.00000|6||0|1||||CHN|HKG|||||
553|4001679|87083004|12|N3||NOM-050-SCFI-2004|||
554|4001679|87083004|12|UM|T|||
554|4001679|87083004|12|ES|N|||
556|4001679|87083004|12|3|16.0000000000|1|
557|4001679|87083004|12|3|0|797|
551|4001679|87083004|13|00|BALATAS|118.74000|6342|5937|308.00|50.000|12|50.00000|6||0|1||||CHN|HKG|||||
553|4001679|87083004|13|N3||NOM-050-SCFI-2004|||
554|4001679|87083004|13|UM|T|||
554|4001679|87083004|13|ES|N|||
556|4001679|87083004|13|3|16.0000000000|1|
557|4001679|87083004|13|3|0|1023|
551|4001679|87083004|14|00|BALATAS|114.51000|12233|11451|594.00|100.000|12|100.00000|6||0|1||||CHN|HKG|||||
553|4001679|87083004|14|N3||NOM-050-SCFI-2004|||
554|4001679|87083004|14|UM|T|||
554|4001679|87083004|14|ES|N|||
556|4001679|87083004|14|3|16.0000000000|1|
557|4001679|87083004|14|3|0|1973|
551|4001679|87083004|15|00|BALATAS|112.20000|5993|5610|291.00|50.000|12|50.00000|6||0|1||||CHN|HKG|||||
553|4001679|87083004|15|N3||NOM-050-SCFI-2004|||
554|4001679|87083004|15|UM|T|||
554|4001679|87083004|15|ES|N|||
556|4001679|87083004|15|3|16.0000000000|1|
557|4001679|87083004|15|3|0|967|
551|4001679|87083004|16|00|BALATAS|148.82000|7949|7441|386.00|50.000|12|50.00000|6||0|1||||CHN|HKG|||||
553|4001679|87083004|16|N3||NOM-050-SCFI-2004|||
554|4001679|87083004|16|UM|T|||
554|4001679|87083004|16|ES|N|||
556|4001679|87083004|16|3|16.0000000000|1|
557|4001679|87083004|16|3|0|1282|
551|4001679|87083004|17|00|BALATAS|212.06000|11327|10603|550.00|50.000|12|50.00000|6||0|1||||CHN|HKG|||||
553|4001679|87083004|17|N3||NOM-050-SCFI-2004|||
554|4001679|87083004|17|UM|T|||
554|4001679|87083004|17|ES|N|||
556|4001679|87083004|17|3|16.0000000000|1|
557|4001679|87083004|17|3|0|1827|
551|4001679|87083004|18|00|BALATAS|98.31000|10502|9831|510.00|100.000|12|100.00000|6||0|1||||CHN|HKG|||||
553|4001679|87083004|18|N3||NOM-050-SCFI-2004|||
554|4001679|87083004|18|UM|T|||
554|4001679|87083004|18|ES|N|||
556|4001679|87083004|18|3|16.0000000000|1|
557|4001679|87083004|18|3|0|1694|
551|4001679|87083004|19|00|BALATAS|112.19429|41948|39268|2037.00|350.000|12|350.00000|6||0|1||||CHN|HKG|||||
553|4001679|87083004|19|N3||NOM-050-SCFI-2004|||
554|4001679|87083004|19|UM|T|||
554|4001679|87083004|19|ES|N|||
556|4001679|87083004|19|3|16.0000000000|1|
557|4001679|87083004|19|3|0|6765|
551|4001679|87083004|20|00|BALATAS|136.68000|7300|6834|354.50|50.000|12|50.00000|6||0|1||||CHN|HKG|||||
553|4001679|87083004|20|N3||NOM-050-SCFI-2004|||
554|4001679|87083004|20|UM|T|||
554|4001679|87083004|20|ES|N|||
556|4001679|87083004|20|3|16.0000000000|1|
557|4001679|87083004|20|3|0|1177|
551|4001679|87083004|21|00|BALATAS|114.30000|2442|2286|118.60|20.000|12|20.00000|6||0|1||||CHN|HKG|||||
553|4001679|87083004|21|N3||NOM-050-SCFI-2004|||
554|4001679|87083004|21|UM|T|||
554|4001679|87083004|21|ES|N|||
556|4001679|87083004|21|3|16.0000000000|1|
557|4001679|87083004|21|3|0|394|
551|4001679|87083004|22|00|BALATAS|161.36000|8619|8068|418.50|50.000|12|50.00000|6||0|1||||CHN|HKG|||||
553|4001679|87083004|22|N3||NOM-050-SCFI-2004|||
554|4001679|87083004|22|UM|T|||
554|4001679|87083004|22|ES|N|||
556|4001679|87083004|22|3|16.0000000000|1|
557|4001679|87083004|22|3|0|1390|
551|4001679|87083004|23|00|BALATAS|71.50000|1528|1430|74.20|20.000|12|20.00000|6||0|1||||CHN|HKG|||||
553|4001679|87083004|23|N3||NOM-050-SCFI-2004|||
554|4001679|87083004|23|UM|T|||
554|4001679|87083004|23|ES|N|||
556|4001679|87083004|23|3|16.0000000000|1|
557|4001679|87083004|23|3|0|246|
551|4001679|87083004|24|00|BALATAS|95.80000|5117|4790|248.50|50.000|12|50.00000|6||0|1||||CHN|HKG|||||
553|4001679|87083004|24|N3||NOM-050-SCFI-2004|||
554|4001679|87083004|24|UM|T|||
554|4001679|87083004|24|ES|N|||
556|4001679|87083004|24|3|16.0000000000|1|
557|4001679|87083004|24|3|0|825|
551|4001679|87083004|25|00|BALATAS|106.22000|17020|15933|826.50|150.000|12|150.00000|6||0|1||||CHN|HKG|||||
553|4001679|87083004|25|N3||NOM-050-SCFI-2004|||
554|4001679|87083004|25|UM|T|||
554|4001679|87083004|25|ES|N|||
556|4001679|87083004|25|3|16.0000000000|1|
557|4001679|87083004|25|3|0|2745|
551|4001679|87083004|26|00|BALATAS|130.89000|13982|13089|679.00|100.000|12|100.00000|6||0|1||||CHN|HKG|||||
553|4001679|87083004|26|N3||NOM-050-SCFI-2004|||
554|4001679|87083004|26|UM|T|||
554|4001679|87083004|26|ES|N|||
556|4001679|87083004|26|3|16.0000000000|1|
557|4001679|87083004|26|3|0|2255|
551|4001679|87083004|27|00|BALATAS|142.46000|30437|28492|1478.00|200.000|12|200.00000|6||0|1||||CHN|HKG|||||
553|4001679|87083004|27|N3||NOM-050-SCFI-2004|||
554|4001679|87083004|27|UM|T|||
554|4001679|87083004|27|ES|N|||
556|4001679|87083004|27|3|16.0000000000|1|
557|4001679|87083004|27|3|0|4909|
551|4001679|87083004|28|00|BALATAS|150.56000|16084|15056|781.00|100.000|12|100.00000|6||0|1||||CHN|HKG|||||
553|4001679|87083004|28|N3||NOM-050-SCFI-2004|||
554|4001679|87083004|28|UM|T|||
554|4001679|87083004|28|ES|N|||
556|4001679|87083004|28|3|16.0000000000|1|
557|4001679|87083004|28|3|0|2594|
551|4001679|87083004|29|00|BALATAS|101.98000|10894|10198|529.00|100.000|12|100.00000|6||0|1||||CHN|HKG|||||
553|4001679|87083004|29|N3||NOM-050-SCFI-2004|||
554|4001679|87083004|29|UM|T|||
554|4001679|87083004|29|ES|N|||
556|4001679|87083004|29|3|16.0000000000|1|
557|4001679|87083004|29|3|0|1757|
551|4001679|87083004|30|00|BALATAS|80.76667|7765|7269|377.10|90.000|12|90.00000|6||0|1||||CHN|HKG|||||
553|4001679|87083004|30|N3||NOM-050-SCFI-2004|||
554|4001679|87083004|30|UM|T|||
554|4001679|87083004|30|ES|N|||
556|4001679|87083004|30|3|16.0000000000|1|
557|4001679|87083004|30|3|0|1252|
551|4001679|87083004|31|00|BALATAS|86.17059|15649|14649|759.90|170.000|12|170.00000|6||0|1||||CHN|HKG|||||
553|4001679|87083004|31|N3||NOM-050-SCFI-2004|||
554|4001679|87083004|31|UM|T|||
554|4001679|87083004|31|ES|N|||
556|4001679|87083004|31|3|16.0000000000|1|
557|4001679|87083004|31|3|0|2524|
551|4001679|87083004|32|00|BALATAS|112.19333|17978|16829|873.00|150.000|12|150.00000|6||0|1||||CHN|HKG|||||
553|4001679|87083004|32|N3||NOM-050-SCFI-2004|||
554|4001679|87083004|32|UM|T|||
554|4001679|87083004|32|ES|N|||
556|4001679|87083004|32|3|16.0000000000|1|
557|4001679|87083004|32|3|0|2900|
551|4001679|87083004|33|00|BALATAS|124.54000|6652|6227|323.00|50.000|12|50.00000|6||0|1||||CHN|HKG|||||
553|4001679|87083004|33|N3||NOM-050-SCFI-2004|||
554|4001679|87083004|33|UM|T|||
554|4001679|87083004|33|ES|N|||
556|4001679|87083004|33|3|16.0000000000|1|
557|4001679|87083004|33|3|0|1073|
551|4001679|87083004|34|00|BALATAS|102.17000|10914|10217|530.00|100.000|12|100.00000|6||0|1||||CHN|HKG|||||
553|4001679|87083004|34|N3||NOM-050-SCFI-2004|||
554|4001679|87083004|34|UM|T|||
554|4001679|87083004|34|ES|N|||
556|4001679|87083004|34|3|16.0000000000|1|
557|4001679|87083004|34|3|0|1760|
551|4001679|87083004|35|00|BALATAS|128.20000|6847|6410|332.50|50.000|12|50.00000|6||0|1||||CHN|HKG|||||
553|4001679|87083004|35|N3||NOM-050-SCFI-2004|||
554|4001679|87083004|35|UM|T|||
554|4001679|87083004|35|ES|N|||
556|4001679|87083004|35|3|16.0000000000|1|
557|4001679|87083004|35|3|0|1104|
551|4001679|87083004|36|00|BALATAS|114.12000|12191|11412|592.00|100.000|12|100.00000|6||0|1||||CHN|HKG|||||
553|4001679|87083004|36|N3||NOM-050-SCFI-2004|||
554|4001679|87083004|36|UM|T|||
554|4001679|87083004|36|ES|N|||
556|4001679|87083004|36|3|16.0000000000|1|
557|4001679|87083004|36|3|0|1966|
551|4001679|87083004|37|00|BALATAS|96.40000|3089|2892|150.00|30.000|12|30.00000|6||0|1||||CHN|HKG|||||
553|4001679|87083004|37|N3||NOM-050-SCFI-2004|||
554|4001679|87083004|37|UM|T|||
554|4001679|87083004|37|ES|N|||
556|4001679|87083004|37|3|16.0000000000|1|
557|4001679|87083004|37|3|0|498|
551|4001679|87083004|38|00|BALATAS|94.46000|5045|4723|245.00|50.000|12|50.00000|6||0|1||||CHN|HKG|||||
553|4001679|87083004|38|N3||NOM-050-SCFI-2004|||
554|4001679|87083004|38|UM|T|||
554|4001679|87083004|38|ES|N|||
556|4001679|87083004|38|3|16.0000000000|1|
557|4001679|87083004|38|3|0|814|
551|4001679|87083004|39|00|BALATAS|128.19333|20541|19229|997.50|150.000|12|150.00000|6||0|1||||CHN|HKG|||||
553|4001679|87083004|39|N3||NOM-050-SCFI-2004|||
554|4001679|87083004|39|UM|T|||
554|4001679|87083004|39|ES|N|||
556|4001679|87083004|39|3|16.0000000000|1|
557|4001679|87083004|39|3|0|3313|
551|4001679|87083004|40|00|BALATAS|160.78000|8588|8039|417.00|50.000|12|50.00000|6||0|1||||CHN|HKG|||||
553|4001679|87083004|40|N3||NOM-050-SCFI-2004|||
554|4001679|87083004|40|UM|T|||
554|4001679|87083004|40|ES|N|||
556|4001679|87083004|40|3|16.0000000000|1|
557|4001679|87083004|40|3|0|1385|
551|4001679|87083004|41|00|BALATAS|227.48000|12150|11374|590.00|50.000|12|50.00000|6||0|1||||CHN|HKG|||||
553|4001679|87083004|41|N3||NOM-050-SCFI-2004|||
554|4001679|87083004|41|UM|T|||
554|4001679|87083004|41|ES|N|||
556|4001679|87083004|41|3|16.0000000000|1|
557|4001679|87083004|41|3|0|1960|
551|4001679|87083004|42|00|BALATAS|92.54000|4943|4627|240.00|50.000|12|50.00000|6||0|1||||CHN|HKG|||||
553|4001679|87083004|42|N3||NOM-050-SCFI-2004|||
554|4001679|87083004|42|UM|T|||
554|4001679|87083004|42|ES|N|||
556|4001679|87083004|42|3|16.0000000000|1|
557|4001679|87083004|42|3|0|797|
551|4001679|87083004|43|00|BALATAS|82.70000|8834|8270|429.00|100.000|12|100.00000|6||0|1||||CHN|HKG|||||
553|4001679|87083004|43|N3||NOM-050-SCFI-2004|||
554|4001679|87083004|43|UM|T|||
554|4001679|87083004|43|ES|N|||
556|4001679|87083004|43|3|16.0000000000|1|
557|4001679|87083004|43|3|0|1425|
551|4001679|87083004|44|00|BALATAS|114.13333|3658|3424|177.60|30.000|12|30.00000|6||0|1||||CHN|HKG|||||
553|4001679|87083004|44|N3||NOM-050-SCFI-2004|||
554|4001679|87083004|44|UM|T|||
554|4001679|87083004|44|ES|N|||
556|4001679|87083004|44|3|16.0000000000|1|
557|4001679|87083004|44|3|0|590|
551|4001679|87083004|45|00|BALATAS|83.46875|14267|13355|692.80|160.000|12|160.00000|6||0|1||||CHN|HKG|||||
553|4001679|87083004|45|N3||NOM-050-SCFI-2004|||
554|4001679|87083004|45|UM|T|||
554|4001679|87083004|45|ES|N|||
556|4001679|87083004|45|3|16.0000000000|1|
557|4001679|87083004|45|3|0|2301|
551|4001679|87083004|46|00|BALATAS|85.20417|21845|20449|1060.80|240.000|12|240.00000|6||0|1||||CHN|HKG|||||
553|4001679|87083004|46|N3||NOM-050-SCFI-2004|||
554|4001679|87083004|46|UM|T|||
554|4001679|87083004|46|ES|N|||
556|4001679|87083004|46|3|16.0000000000|1|
557|4001679|87083004|46|3|0|3523|
551|4001679|87083004|47|00|BALATAS|111.23333|14259|13348|692.40|120.000|12|120.00000|6||0|1||||CHN|HKG|||||
553|4001679|87083004|47|N3||NOM-050-SCFI-2004|||
554|4001679|87083004|47|UM|T|||
554|4001679|87083004|47|ES|N|||
556|4001679|87083004|47|3|16.0000000000|1|
557|4001679|87083004|47|3|0|2300|
551|4001679|87083004|48|00|BALATAS|86.75000|9267|8675|450.00|100.000|12|100.00000|6||0|1||||CHN|HKG|||||
553|4001679|87083004|48|N3||NOM-050-SCFI-2004|||
554|4001679|87083004|48|UM|T|||
554|4001679|87083004|48|ES|N|||
556|4001679|87083004|48|3|16.0000000000|1|
557|4001679|87083004|48|3|0|1495|
551|4001679|87083004|49|00|BALATAS|83.28000|8896|8328|432.00|100.000|12|100.00000|6||0|1||||CHN|HKG|||||
553|4001679|87083004|49|N3||NOM-050-SCFI-2004|||
554|4001679|87083004|49|UM|T|||
554|4001679|87083004|49|ES|N|||
556|4001679|87083004|49|3|16.0000000000|1|
557|4001679|87083004|49|3|0|1435|
551|4001679|87083004|50|00|BALATAS|104.10000|5560|5205|270.00|50.000|12|50.00000|6||0|1||||CHN|HKG|||||
553|4001679|87083004|50|N3||NOM-050-SCFI-2004|||
554|4001679|87083004|50|UM|T|||
554|4001679|87083004|50|ES|N|||
556|4001679|87083004|50|3|16.0000000000|1|
557|4001679|87083004|50|3|0|897|
551|4001679|87083004|51|00|BALATAS|97.16667|3114|2915|151.20|30.000|12|30.00000|6||0|1||||CHN|HKG|||||
553|4001679|87083004|51|N3||NOM-050-SCFI-2004|||
554|4001679|87083004|51|UM|T|||
554|4001679|87083004|51|ES|N|||
556|4001679|87083004|51|3|16.0000000000|1|
557|4001679|87083004|51|3|0|502|
551|4001679|87083004|52|00|BALATAS|77.50000|4139|3875|201.00|50.000|12|50.00000|6||0|1||||CHN|HKG|||||
553|4001679|87083004|52|N3||NOM-050-SCFI-2004|||
554|4001679|87083004|52|UM|T|||
554|4001679|87083004|52|ES|N|||
556|4001679|87083004|52|3|16.0000000000|1|
557|4001679|87083004|52|3|0|668|
551|4001679|87083004|53|00|BALATAS|103.72000|5540|5186|269.00|50.000|12|50.00000|6||0|1||||CHN|HKG|||||
553|4001679|87083004|53|N3||NOM-050-SCFI-2004|||
554|4001679|87083004|53|UM|T|||
554|4001679|87083004|53|ES|N|||
556|4001679|87083004|53|3|16.0000000000|1|
557|4001679|87083004|53|3|0|893|
551|4001679|87083004|54|00|BALATAS|132.24000|7063|6612|343.00|50.000|12|50.00000|6||0|1||||CHN|HKG|||||
553|4001679|87083004|54|N3||NOM-050-SCFI-2004|||
554|4001679|87083004|54|UM|T|||
554|4001679|87083004|54|ES|N|||
556|4001679|87083004|54|3|16.0000000000|1|
557|4001679|87083004|54|3|0|1139|
551|4001679|87083004|55|00|BALATAS|122.98000|6569|6149|319.00|50.000|12|50.00000|6||0|1||||CHN|HKG|||||
553|4001679|87083004|55|N3||NOM-050-SCFI-2004|||
554|4001679|87083004|55|UM|T|||
554|4001679|87083004|55|ES|N|||
556|4001679|87083004|55|3|16.0000000000|1|
557|4001679|87083004|55|3|0|1060|
551|4001679|87083004|56|00|BALATAS|151.14000|8073|7557|392.00|50.000|12|50.00000|6||0|1||||CHN|HKG|||||
553|4001679|87083004|56|N3||NOM-050-SCFI-2004|||
554|4001679|87083004|56|UM|T|||
554|4001679|87083004|56|ES|N|||
556|4001679|87083004|56|3|16.0000000000|1|
557|4001679|87083004|56|3|0|1302|
551|4001679|87083004|57|00|BALATAS|177.74000|18987|17774|922.00|100.000|12|100.00000|6||0|1||||CHN|HKG|||||
553|4001679|87083004|57|N3||NOM-050-SCFI-2004|||
554|4001679|87083004|57|UM|T|||
554|4001679|87083004|57|ES|N|||
556|4001679|87083004|57|3|16.0000000000|1|
557|4001679|87083004|57|3|0|3062|
551|4001679|87083004|58|00|BALATAS|174.26000|9308|8713|452.00|50.000|12|50.00000|6||0|1||||CHN|HKG|||||
553|4001679|87083004|58|N3||NOM-050-SCFI-2004|||
554|4001679|87083004|58|UM|T|||
554|4001679|87083004|58|ES|N|||
556|4001679|87083004|58|3|16.0000000000|1|
557|4001679|87083004|58|3|0|1501|
551|4001679|87083004|59|00|BALATAS|155.96000|8330|7798|404.50|50.000|12|50.00000|6||0|1||||CHN|HKG|||||
553|4001679|87083004|59|N3||NOM-050-SCFI-2004|||
554|4001679|87083004|59|UM|T|||
554|4001679|87083004|59|ES|N|||
556|4001679|87083004|59|3|16.0000000000|1|
557|4001679|87083004|59|3|0|1344|
551|4001679|87083004|60|00|BALATAS|105.25000|11243|10525|546.00|100.000|12|100.00000|6||0|1||||CHN|HKG|||||
553|4001679|87083004|60|N3||NOM-050-SCFI-2004|||
554|4001679|87083004|60|UM|T|||
554|4001679|87083004|60|ES|N|||
556|4001679|87083004|60|3|16.0000000000|1|
557|4001679|87083004|60|3|0|1813|
551|4001679|87083004|61|00|BALATAS|111.81000|11944|11181|580.00|100.000|12|100.00000|6||0|1||||CHN|HKG|||||
553|4001679|87083004|61|N3||NOM-050-SCFI-2004|||
554|4001679|87083004|61|UM|T|||
554|4001679|87083004|61|ES|N|||
556|4001679|87083004|61|3|16.0000000000|1|
557|4001679|87083004|61|3|0|1926|
551|4001679|87083004|62|00|BALATAS|96.58000|5159|4829|250.50|50.000|12|50.00000|6||0|1||||CHN|HKG|||||
553|4001679|87083004|62|N3||NOM-050-SCFI-2004|||
554|4001679|87083004|62|UM|T|||
554|4001679|87083004|62|ES|N|||
556|4001679|87083004|62|3|16.0000000000|1|
557|4001679|87083004|62|3|0|832|
551|4001679|87083004|63|00|BALATAS|88.48235|16069|15042|780.30|170.000|12|170.00000|6||0|1||||CHN|HKG|||||
553|4001679|87083004|63|N3||NOM-050-SCFI-2004|||
554|4001679|87083004|63|UM|T|||
554|4001679|87083004|63|ES|N|||
556|4001679|87083004|63|3|16.0000000000|1|
557|4001679|87083004|63|3|0|2592|
551|4001679|87083004|64|00|BALATAS|110.27000|11780|11027|572.00|100.000|12|100.00000|6||0|1||||CHN|HKG|||||
553|4001679|87083004|64|N3||NOM-050-SCFI-2004|||
554|4001679|87083004|64|UM|T|||
554|4001679|87083004|64|ES|N|||
556|4001679|87083004|64|3|16.0000000000|1|
557|4001679|87083004|64|3|0|1900|
551|4001679|87083004|65|00|BALATAS|76.53000|8175|7653|397.00|100.000|12|100.00000|6||0|1||||CHN|HKG|||||
553|4001679|87083004|65|N3||NOM-050-SCFI-2004|||
554|4001679|87083004|65|UM|T|||
554|4001679|87083004|65|ES|N|||
556|4001679|87083004|65|3|16.0000000000|1|
557|4001679|87083004|65|3|0|1318|
551|4001679|87083004|66|00|BALATAS|121.64000|12994|12164|631.00|100.000|12|100.00000|6||0|1||||CHN|HKG|||||
553|4001679|87083004|66|N3||NOM-050-SCFI-2004|||
554|4001679|87083004|66|UM|T|||
554|4001679|87083004|66|ES|N|||
556|4001679|87083004|66|3|16.0000000000|1|
557|4001679|87083004|66|3|0|2096|
551|4001679|87083004|67|00|BALATAS|121.06000|12932|12106|628.00|100.000|12|100.00000|6||0|1||||CHN|HKG|||||
553|4001679|87083004|67|N3||NOM-050-SCFI-2004|||
554|4001679|87083004|67|UM|T|||
554|4001679|87083004|67|ES|N|||
556|4001679|87083004|67|3|16.0000000000|1|
557|4001679|87083004|67|3|0|2086|
551|4001679|87083004|68|00|BALATAS|133.78000|14291|13378|694.00|100.000|12|100.00000|6||0|1||||CHN|HKG|||||
553|4001679|87083004|68|N3||NOM-050-SCFI-2004|||
554|4001679|87083004|68|UM|T|||
554|4001679|87083004|68|ES|N|||
556|4001679|87083004|68|3|16.0000000000|1|
557|4001679|87083004|68|3|0|2305|
551|4001679|87083004|69|00|BALATAS|76.33667|24464|22901|1188.00|300.000|12|300.00000|6||0|1||||CHN|HKG|||||
553|4001679|87083004|69|N3||NOM-050-SCFI-2004|||
554|4001679|87083004|69|UM|T|||
554|4001679|87083004|69|ES|N|||
556|4001679|87083004|69|3|16.0000000000|1|
557|4001679|87083004|69|3|0|3946|
551|4001679|87083004|70|00|BALATAS|148.44000|15857|14844|770.00|100.000|12|100.00000|6||0|1||||CHN|HKG|||||
553|4001679|87083004|70|N3||NOM-050-SCFI-2004|||
554|4001679|87083004|70|UM|T|||
554|4001679|87083004|70|ES|N|||
556|4001679|87083004|70|3|16.0000000000|1|
557|4001679|87083004|70|3|0|2557|
551|4001679|87083004|71|00|BALATAS|169.05769|9391|8791|456.04|52.000|12|52.00000|6||0|1||||CHN|HKG|||||
553|4001679|87083004|71|N3||NOM-050-SCFI-2004|||
554|4001679|87083004|71|UM|T|||
554|4001679|87083004|71|ES|N|||
556|4001679|87083004|71|3|16.0000000000|1|
557|4001679|87083004|71|3|0|1515|
551|4001679|87083004|72|00|BALATAS|90.59615|5033|4711|244.40|52.000|12|52.00000|6||0|1||||CHN|HKG|||||
553|4001679|87083004|72|N3||NOM-050-SCFI-2004|||
554|4001679|87083004|72|UM|T|||
554|4001679|87083004|72|ES|N|||
556|4001679|87083004|72|3|16.0000000000|1|
557|4001679|87083004|72|3|0|812|
551|4001679|87083004|73|00|BALATAS|75.76000|4047|3788|196.50|50.000|12|50.00000|6||0|1||||CHN|HKG|||||
553|4001679|87083004|73|N3||NOM-050-SCFI-2004|||
554|4001679|87083004|73|UM|T|||
554|4001679|87083004|73|ES|N|||
556|4001679|87083004|73|3|16.0000000000|1|
557|4001679|87083004|73|3|0|653|
551|4001679|87083004|74|00|BALATAS|98.12000|5241|4906|254.50|50.000|12|50.00000|6||0|1||||CHN|HKG|||||
553|4001679|87083004|74|N3||NOM-050-SCFI-2004|||
554|4001679|87083004|74|UM|T|||
554|4001679|87083004|74|ES|N|||
556|4001679|87083004|74|3|16.0000000000|1|
557|4001679|87083004|74|3|0|845|
551|4001679|87083004|75|00|BALATAS|91.56000|4890|4578|237.50|50.000|12|50.00000|6||0|1||||CHN|HKG|||||
553|4001679|87083004|75|N3||NOM-050-SCFI-2004|||
554|4001679|87083004|75|UM|T|||
554|4001679|87083004|75|ES|N|||
556|4001679|87083004|75|3|16.0000000000|1|
557|4001679|87083004|75|3|0|789|
551|4001679|87083004|76|00|BALATAS|117.02000|6250|5851|303.50|50.000|12|50.00000|6||0|1||||CHN|HKG|||||
553|4001679|87083004|76|N3||NOM-050-SCFI-2004|||
554|4001679|87083004|76|UM|T|||
554|4001679|87083004|76|ES|N|||
556|4001679|87083004|76|3|16.0000000000|1|
557|4001679|87083004|76|3|0|1008|
551|4001679|87083004|77|00|BALATAS|132.82000|7094|6641|344.50|50.000|12|50.00000|6||0|1||||CHN|HKG|||||
553|4001679|87083004|77|N3||NOM-050-SCFI-2004|||
554|4001679|87083004|77|UM|T|||
554|4001679|87083004|77|ES|N|||
556|4001679|87083004|77|3|16.0000000000|1|
557|4001679|87083004|77|3|0|1144|
551|4001679|87083004|78|00|BALATAS|112.96000|6033|5648|293.00|50.000|12|50.00000|6||0|1||||CHN|HKG|||||
553|4001679|87083004|78|N3||NOM-050-SCFI-2004|||
554|4001679|87083004|78|UM|T|||
554|4001679|87083004|78|ES|N|||
556|4001679|87083004|78|3|16.0000000000|1|
557|4001679|87083004|78|3|0|973|
551|4001679|87083004|79|00|BALATAS|101.98000|5447|5099|264.50|50.000|12|50.00000|6||0|1||||CHN|HKG|||||
553|4001679|87083004|79|N3||NOM-050-SCFI-2004|||
554|4001679|87083004|79|UM|T|||
554|4001679|87083004|79|ES|N|||
556|4001679|87083004|79|3|16.0000000000|1|
557|4001679|87083004|79|3|0|879|
551|4001679|87083004|80|00|BALATAS|109.88000|5869|5494|285.00|50.000|12|50.00000|6||0|1||||CHN|HKG|||||
553|4001679|87083004|80|N3||NOM-050-SCFI-2004|||
554|4001679|87083004|80|UM|T|||
554|4001679|87083004|80|ES|N|||
556|4001679|87083004|80|3|16.0000000000|1|
557|4001679|87083004|80|3|0|947|
551|4001679|87083004|81|00|BALATAS|143.04000|7640|7152|371.00|50.000|12|50.00000|6||0|1||||CHN|HKG|||||
553|4001679|87083004|81|N3||NOM-050-SCFI-2004|||
554|4001679|87083004|81|UM|T|||
554|4001679|87083004|81|ES|N|||
556|4001679|87083004|81|3|16.0000000000|1|
557|4001679|87083004|81|3|0|1232|
551|4001679|87083004|82|00|BALATAS|71.90000|7681|7190|373.00|100.000|12|100.00000|6||0|1||||CHN|HKG|||||
553|4001679|87083004|82|N3||NOM-050-SCFI-2004|||
554|4001679|87083004|82|UM|T|||
554|4001679|87083004|82|ES|N|||
556|4001679|87083004|82|3|16.0000000000|1|
557|4001679|87083004|82|3|0|1239|
551|4001679|87083004|83|00|BALATAS|82.50000|3525|3300|171.20|40.000|12|40.00000|6||0|1||||CHN|HKG|||||
553|4001679|87083004|83|N3||NOM-050-SCFI-2004|||
554|4001679|87083004|83|UM|T|||
554|4001679|87083004|83|ES|N|||
556|4001679|87083004|83|3|16.0000000000|1|
557|4001679|87083004|83|3|0|568|
551|4001679|87083004|84|00|BALATAS|109.50000|5849|5475|284.00|50.000|12|50.00000|6||0|1||||CHN|HKG|||||
553|4001679|87083004|84|N3||NOM-050-SCFI-2004|||
554|4001679|87083004|84|UM|T|||
554|4001679|87083004|84|ES|N|||
556|4001679|87083004|84|3|16.0000000000|1|
557|4001679|87083004|84|3|0|943|
551|4001679|87083004|85|00|BALATAS|85.01053|17254|16152|837.90|190.000|12|190.00000|6||0|1||||CHN|HKG|||||
553|4001679|87083004|85|N3||NOM-050-SCFI-2004|||
554|4001679|87083004|85|UM|T|||
554|4001679|87083004|85|ES|N|||
556|4001679|87083004|85|3|16.0000000000|1|
557|4001679|87083004|85|3|0|2783|
551|4001679|87083004|86|00|BALATAS|128.20000|6847|6410|332.50|50.000|12|50.00000|6||0|1||||CHN|HKG|||||
553|4001679|87083004|86|N3||NOM-050-SCFI-2004|||
554|4001679|87083004|86|UM|T|||
554|4001679|87083004|86|ES|N|||
556|4001679|87083004|86|3|16.0000000000|1|
557|4001679|87083004|86|3|0|1104|
551|4001679|87083004|87|00|BALATAS|126.66000|6765|6333|328.50|50.000|12|50.00000|6||0|1||||CHN|HKG|||||
553|4001679|87083004|87|N3||NOM-050-SCFI-2004|||
554|4001679|87083004|87|UM|T|||
554|4001679|87083004|87|ES|N|||
556|4001679|87083004|87|3|16.0000000000|1|
557|4001679|87083004|87|3|0|1091|
551|4001679|87083004|88|00|BALATAS|112.38000|6003|5619|291.50|50.000|12|50.00000|6||0|1||||CHN|HKG|||||
553|4001679|87083004|88|N3||NOM-050-SCFI-2004|||
554|4001679|87083004|88|UM|T|||
554|4001679|87083004|88|ES|N|||
556|4001679|87083004|88|3|16.0000000000|1|
557|4001679|87083004|88|3|0|968|
551|4001679|87083004|89|00|BALATAS|112.78000|6024|5639|292.50|50.000|12|50.00000|6||0|1||||CHN|HKG|||||
553|4001679|87083004|89|N3||NOM-050-SCFI-2004|||
554|4001679|87083004|89|UM|T|||
554|4001679|87083004|89|ES|N|||
556|4001679|87083004|89|3|16.0000000000|1|
557|4001679|87083004|89|3|0|972|
551|4001679|87083004|90|00|BALATAS|109.30000|2335|2186|113.40|20.000|12|20.00000|6||0|1||||CHN|HKG|||||
553|4001679|87083004|90|N3||NOM-050-SCFI-2004|||
554|4001679|87083004|90|UM|T|||
554|4001679|87083004|90|ES|N|||
556|4001679|87083004|90|3|16.0000000000|1|
557|4001679|87083004|90|3|0|377|
551|4001679|87083004|91|00|BALATAS|141.11000|15074|14111|732.00|100.000|12|100.00000|6||0|1||||CHN|HKG|||||
553|4001679|87083004|91|N3||NOM-050-SCFI-2004|||
554|4001679|87083004|91|UM|T|||
554|4001679|87083004|91|ES|N|||
556|4001679|87083004|91|3|16.0000000000|1|
557|4001679|87083004|91|3|0|2431|
551|4001679|87083004|92|00|BALATAS|151.14000|8073|7557|392.00|50.000|12|50.00000|6||0|1||||CHN|HKG|||||
553|4001679|87083004|92|N3||NOM-050-SCFI-2004|||
554|4001679|87083004|92|UM|T|||
554|4001679|87083004|92|ES|N|||
556|4001679|87083004|92|3|16.0000000000|1|
557|4001679|87083004|92|3|0|1302|
551|4001679|87083004|93|00|BALATAS|178.51000|19069|17851|926.00|100.000|12|100.00000|6||0|1||||CHN|HKG|||||
553|4001679|87083004|93|N3||NOM-050-SCFI-2004|||
554|4001679|87083004|93|UM|T|||
554|4001679|87083004|93|ES|N|||
556|4001679|87083004|93|3|16.0000000000|1|
557|4001679|87083004|93|3|0|3076|
551|4001679|87083004|94|00|BALATAS|117.02000|6250|5851|303.50|50.000|12|50.00000|6||0|1||||CHN|HKG|||||
553|4001679|87083004|94|N3||NOM-050-SCFI-2004|||
554|4001679|87083004|94|UM|T|||
554|4001679|87083004|94|ES|N|||
556|4001679|87083004|94|3|16.0000000000|1|
557|4001679|87083004|94|3|0|1008|
551|4001679|87083004|95|00|BALATAS|84.05000|14366|13448|697.60|160.000|12|160.00000|6||0|1||||CHN|HKG|||||
553|4001679|87083004|95|N3||NOM-050-SCFI-2004|||
554|4001679|87083004|95|UM|T|||
554|4001679|87083004|95|ES|N|||
556|4001679|87083004|95|3|16.0000000000|1|
557|4001679|87083004|95|3|0|2317|
551|4001679|87083004|96|00|BALATAS|107.76000|5756|5388|279.50|50.000|12|50.00000|6||0|1||||CHN|HKG|||||
553|4001679|87083004|96|N3||NOM-050-SCFI-2004|||
554|4001679|87083004|96|UM|T|||
554|4001679|87083004|96|ES|N|||
556|4001679|87083004|96|3|16.0000000000|1|
557|4001679|87083004|96|3|0|928|
551|4001679|87083004|97|00|BALATAS|91.96000|4912|4598|238.50|50.000|12|50.00000|6||0|1||||CHN|HKG|||||
553|4001679|87083004|97|N3||NOM-050-SCFI-2004|||
554|4001679|87083004|97|UM|T|||
554|4001679|87083004|97|ES|N|||
556|4001679|87083004|97|3|16.0000000000|1|
557|4001679|87083004|97|3|0|792|
551|4001679|87083004|98|00|BALATAS|79.80000|4262|3990|207.00|50.000|12|50.00000|6||0|1||||CHN|HKG|||||
553|4001679|87083004|98|N3||NOM-050-SCFI-2004|||
554|4001679|87083004|98|UM|T|||
554|4001679|87083004|98|ES|N|||
556|4001679|87083004|98|3|16.0000000000|1|
557|4001679|87083004|98|3|0|687|
551|4001679|87083004|99|00|BALATAS|126.46000|6755|6323|328.00|50.000|12|50.00000|6||0|1||||CHN|HKG|||||
553|4001679|87083004|99|N3||NOM-050-SCFI-2004|||
554|4001679|87083004|99|UM|T|||
554|4001679|87083004|99|ES|N|||
556|4001679|87083004|99|3|16.0000000000|1|
557|4001679|87083004|99|3|0|1089|
551|4001679|87083004|100|00|BALATAS|94.46000|5045|4723|245.00|50.000|12|50.00000|6||0|1||||CHN|HKG|||||
553|4001679|87083004|100|N3||NOM-050-SCFI-2004|||
554|4001679|87083004|100|UM|T|||
554|4001679|87083004|100|ES|N|||
556|4001679|87083004|100|3|16.0000000000|1|
557|4001679|87083004|100|3|0|814|
551|4001679|87083004|101|00|BALATAS|109.50000|5849|5475|284.00|50.000|12|50.00000|6||0|1||||CHN|HKG|||||
553|4001679|87083004|101|N3||NOM-050-SCFI-2004|||
554|4001679|87083004|101|UM|T|||
554|4001679|87083004|101|ES|N|||
556|4001679|87083004|101|3|16.0000000000|1|
557|4001679|87083004|101|3|0|943|
551|4001679|87083004|102|00|BALATAS|100.04000|5343|5002|259.50|50.000|12|50.00000|6||0|1||||CHN|HKG|||||
553|4001679|87083004|102|N3||NOM-050-SCFI-2004|||
554|4001679|87083004|102|UM|T|||
554|4001679|87083004|102|ES|N|||
556|4001679|87083004|102|3|16.0000000000|1|
557|4001679|87083004|102|3|0|862|
551|4001679|87083004|103|00|BALATAS|121.06000|6466|6053|314.00|50.000|12|50.00000|6||0|1||||CHN|HKG|||||
553|4001679|87083004|103|N3||NOM-050-SCFI-2004|||
554|4001679|87083004|103|UM|T|||
554|4001679|87083004|103|ES|N|||
556|4001679|87083004|103|3|16.0000000000|1|
557|4001679|87083004|103|3|0|1043|
551|4001679|87083004|104|00|BALATAS|86.74667|13900|13012|675.00|150.000|12|150.00000|6||0|1||||CHN|HKG|||||
553|4001679|87083004|104|N3||NOM-050-SCFI-2004|||
554|4001679|87083004|104|UM|T|||
554|4001679|87083004|104|ES|N|||
556|4001679|87083004|104|3|16.0000000000|1|
557|4001679|87083004|104|3|0|2242|
551|4001679|87083004|105|00|BALATAS|75.18000|4016|3759|195.00|50.000|12|50.00000|6||0|1||||CHN|HKG|||||
553|4001679|87083004|105|N3||NOM-050-SCFI-2004|||
554|4001679|87083004|105|UM|T|||
554|4001679|87083004|105|ES|N|||
556|4001679|87083004|105|3|16.0000000000|1|
557|4001679|87083004|105|3|0|648|
551|4001679|87083004|106|00|BALATAS|95.62000|5107|4781|248.00|50.000|12|50.00000|6||0|1||||CHN|HKG|||||
553|4001679|87083004|106|N3||NOM-050-SCFI-2004|||
554|4001679|87083004|106|UM|T|||
554|4001679|87083004|106|ES|N|||
556|4001679|87083004|106|3|16.0000000000|1|
557|4001679|87083004|106|3|0|824|
551|4001679|87083004|107|00|BALATAS|77.30000|4129|3865|200.50|50.000|12|50.00000|6||0|1||||CHN|HKG|||||
553|4001679|87083004|107|N3||NOM-050-SCFI-2004|||
554|4001679|87083004|107|UM|T|||
554|4001679|87083004|107|ES|N|||
556|4001679|87083004|107|3|16.0000000000|1|
557|4001679|87083004|107|3|0|666|
551|4001679|87083004|108|00|BALATAS|91.56000|4890|4578|237.50|50.000|12|50.00000|6||0|1||||CHN|HKG|||||
553|4001679|87083004|108|N3||NOM-050-SCFI-2004|||
554|4001679|87083004|108|UM|T|||
554|4001679|87083004|108|ES|N|||
556|4001679|87083004|108|3|16.0000000000|1|
557|4001679|87083004|108|3|0|789|
551|4001679|87083004|109|00|BALATAS|53.96667|1729|1619|84.00|30.000|12|30.00000|6||0|1||||CHN|HKG|||||
553|4001679|87083004|109|N3||NOM-050-SCFI-2004|||
554|4001679|87083004|109|UM|T|||
554|4001679|87083004|109|ES|N|||
556|4001679|87083004|109|3|16.0000000000|1|
557|4001679|87083004|109|3|0|279|
551|4001679|87083004|110|00|BALATAS|79.62000|8505|7962|413.00|100.000|12|100.00000|6||0|1||||CHN|HKG|||||
553|4001679|87083004|110|N3||NOM-050-SCFI-2004|||
554|4001679|87083004|110|UM|T|||
554|4001679|87083004|110|ES|N|||
556|4001679|87083004|110|3|16.0000000000|1|
557|4001679|87083004|110|3|0|1372|
551|4001679|87083004|111|00|BALATAS|67.28000|7187|6728|349.00|100.000|12|100.00000|6||0|1||||CHN|HKG|||||
553|4001679|87083004|111|N3||NOM-050-SCFI-2004|||
554|4001679|87083004|111|UM|T|||
554|4001679|87083004|111|ES|N|||
556|4001679|87083004|111|3|16.0000000000|1|
557|4001679|87083004|111|3|0|1159|
551|4001679|87083004|112|00|BALATAS|74.79667|23971|22439|1164.00|300.000|12|300.00000|6||0|1||||CHN|HKG|||||
553|4001679|87083004|112|N3||NOM-050-SCFI-2004|||
554|4001679|87083004|112|UM|T|||
554|4001679|87083004|112|ES|N|||
556|4001679|87083004|112|3|16.0000000000|1|
557|4001679|87083004|112|3|0|3866|
551|4001679|87083004|113|00|BALATAS|109.10000|5827|5455|283.00|50.000|12|50.00000|6||0|1||||CHN|HKG|||||
553|4001679|87083004|113|N3||NOM-050-SCFI-2004|||
554|4001679|87083004|113|UM|T|||
554|4001679|87083004|113|ES|N|||
556|4001679|87083004|113|3|16.0000000000|1|
557|4001679|87083004|113|3|0|940|
551|4001679|87083004|114|00|BALATAS|136.48000|14580|13648|708.00|100.000|12|100.00000|6||0|1||||CHN|HKG|||||
553|4001679|87083004|114|N3||NOM-050-SCFI-2004|||
554|4001679|87083004|114|UM|T|||
554|4001679|87083004|114|ES|N|||
556|4001679|87083004|114|3|16.0000000000|1|
557|4001679|87083004|114|3|0|2352|
551|4001679|87083004|115|00|BALATAS|126.84400|33875|31711|1645.00|250.000|12|250.00000|6||0|1||||CHN|HKG|||||
553|4001679|87083004|115|N3||NOM-050-SCFI-2004|||
554|4001679|87083004|115|UM|T|||
554|4001679|87083004|115|ES|N|||
556|4001679|87083004|115|3|16.0000000000|1|
557|4001679|87083004|115|3|0|5463|
551|4001679|87083004|116|00|BALATAS|120.29333|19276|18044|936.00|150.000|12|150.00000|6||0|1||||CHN|HKG|||||
553|4001679|87083004|116|N3||NOM-050-SCFI-2004|||
554|4001679|87083004|116|UM|T|||
554|4001679|87083004|116|ES|N|||
556|4001679|87083004|116|3|16.0000000000|1|
557|4001679|87083004|116|3|0|3109|
551|4001679|87083004|117|00|BALATAS|100.05000|10688|10005|519.00|100.000|12|100.00000|6||0|1||||CHN|HKG|||||
553|4001679|87083004|117|N3||NOM-050-SCFI-2004|||
554|4001679|87083004|117|UM|T|||
554|4001679|87083004|117|ES|N|||
556|4001679|87083004|117|3|16.0000000000|1|
557|4001679|87083004|117|3|0|1724|
551|4001679|87083004|118|00|BALATAS|101.78333|52191|48856|2534.40|480.000|12|480.00000|6||0|1||||CHN|HKG|||||
553|4001679|87083004|118|N3||NOM-050-SCFI-2004|||
554|4001679|87083004|118|UM|T|||
554|4001679|87083004|118|ES|N|||
556|4001679|87083004|118|3|16.0000000000|1|
557|4001679|87083004|118|3|0|8417|
551|4001679|87083004|119|00|BALATAS|95.04000|15229|14256|739.50|150.000|12|150.00000|6||0|1||||CHN|HKG|||||
553|4001679|87083004|119|N3||NOM-050-SCFI-2004|||
554|4001679|87083004|119|UM|T|||
554|4001679|87083004|119|ES|N|||
556|4001679|87083004|119|3|16.0000000000|1|
557|4001679|87083004|119|3|0|2456|
551|4001679|87083004|120|00|BALATAS|130.11875|22240|20819|1080.00|160.000|12|160.00000|6||0|1||||CHN|HKG|||||
553|4001679|87083004|120|N3||NOM-050-SCFI-2004|||
554|4001679|87083004|120|UM|T|||
554|4001679|87083004|120|ES|N|||
556|4001679|87083004|120|3|16.0000000000|1|
557|4001679|87083004|120|3|0|3587|
551|4001679|87083004|121|00|BALATAS|106.22000|11347|10622|551.00|100.000|12|100.00000|6||0|1||||CHN|HKG|||||
553|4001679|87083004|121|N3||NOM-050-SCFI-2004|||
554|4001679|87083004|121|UM|T|||
554|4001679|87083004|121|ES|N|||
556|4001679|87083004|121|3|16.0000000000|1|
557|4001679|87083004|121|3|0|1830|
551|4001679|87083004|122|00|BALATAS|125.11429|9356|8758|454.30|70.000|12|70.00000|6||0|1||||CHN|HKG|||||
553|4001679|87083004|122|N3||NOM-050-SCFI-2004|||
554|4001679|87083004|122|UM|T|||
554|4001679|87083004|122|ES|N|||
556|4001679|87083004|122|3|16.0000000000|1|
557|4001679|87083004|122|3|0|1509|
551|4001679|87083004|123|00|BALATAS|194.32000|10379|9716|504.00|50.000|12|50.00000|6||0|1||||CHN|HKG|||||
553|4001679|87083004|123|N3||NOM-050-SCFI-2004|||
554|4001679|87083004|123|UM|T|||
554|4001679|87083004|123|ES|N|||
556|4001679|87083004|123|3|16.0000000000|1|
557|4001679|87083004|123|3|0|1674|
551|4001679|87083004|124|00|BALATAS|112.19500|47941|44878|2328.00|400.000|12|400.00000|6||0|1||||CHN|HKG|||||
553|4001679|87083004|124|N3||NOM-050-SCFI-2004|||
554|4001679|87083004|124|UM|T|||
554|4001679|87083004|124|ES|N|||
556|4001679|87083004|124|3|16.0000000000|1|
557|4001679|87083004|124|3|0|7732|
551|4001679|87083004|125|00|BALATAS|114.13333|3658|3424|177.60|30.000|12|30.00000|6||0|1||||CHN|HKG|||||
553|4001679|87083004|125|N3||NOM-050-SCFI-2004|||
554|4001679|87083004|125|UM|T|||
554|4001679|87083004|125|ES|N|||
556|4001679|87083004|125|3|16.0000000000|1|
557|4001679|87083004|125|3|0|590|
551|4001679|87083004|126|00|BALATAS|113.16000|24177|22632|1174.00|200.000|12|200.00000|6||0|1||||CHN|HKG|||||
553|4001679|87083004|126|N3||NOM-050-SCFI-2004|||
554|4001679|87083004|126|UM|T|||
554|4001679|87083004|126|ES|N|||
556|4001679|87083004|126|3|16.0000000000|1|
557|4001679|87083004|126|3|0|3899|
551|4001679|87083004|127|00|BALATAS|205.69000|21973|20569|1067.00|100.000|12|100.00000|6||0|1||||CHN|HKG|||||
553|4001679|87083004|127|N3||NOM-050-SCFI-2004|||
554|4001679|87083004|127|UM|T|||
554|4001679|87083004|127|ES|N|||
556|4001679|87083004|127|3|16.0000000000|1|
557|4001679|87083004|127|3|0|3544|
551|4001679|87083004|128|00|BALATAS|83.47000|8917|8347|433.00|100.000|12|100.00000|6||0|1||||CHN|HKG|||||
553|4001679|87083004|128|N3||NOM-050-SCFI-2004|||
554|4001679|87083004|128|UM|T|||
554|4001679|87083004|128|ES|N|||
556|4001679|87083004|128|3|16.0000000000|1|
557|4001679|87083004|128|3|0|1438|
551|4001679|87083004|129|00|BALATAS|138.00000|1474|1380|71.60|10.000|12|10.00000|6||0|1||||CHN|HKG|||||
553|4001679|87083004|129|N3||NOM-050-SCFI-2004|||
554|4001679|87083004|129|UM|T|||
554|4001679|87083004|129|ES|N|||
556|4001679|87083004|129|3|16.0000000000|1|
557|4001679|87083004|129|3|0|238|
551|4001679|87083004|130|00|BALATAS|114.32000|6106|5716|296.50|50.000|12|50.00000|6||0|1||||CHN|HKG|||||
553|4001679|87083004|130|N3||NOM-050-SCFI-2004|||
554|4001679|87083004|130|UM|T|||
554|4001679|87083004|130|ES|N|||
556|4001679|87083004|130|3|16.0000000000|1|
557|4001679|87083004|130|3|0|985|
551|4001679|87083004|131|00|BALATAS|80.77000|8628|8077|419.00|100.000|12|100.00000|6||0|1||||CHN|HKG|||||
553|4001679|87083004|131|N3||NOM-050-SCFI-2004|||
554|4001679|87083004|131|UM|T|||
554|4001679|87083004|131|ES|N|||
556|4001679|87083004|131|3|16.0000000000|1|
557|4001679|87083004|131|3|0|1392|
551|4001679|87083004|132|00|BALATAS|64.38800|17196|16097|835.00|250.000|12|250.00000|6||0|1||||CHN|HKG|||||
553|4001679|87083004|132|N3||NOM-050-SCFI-2004|||
554|4001679|87083004|132|UM|T|||
554|4001679|87083004|132|ES|N|||
556|4001679|87083004|132|3|16.0000000000|1|
557|4001679|87083004|132|3|0|2773|
551|4001679|87083004|133|00|BALATAS|86.16667|13807|12925|670.50|150.000|12|150.00000|6||0|1||||CHN|HKG|||||
553|4001679|87083004|133|N3||NOM-050-SCFI-2004|||
554|4001679|87083004|133|UM|T|||
554|4001679|87083004|133|ES|N|||
556|4001679|87083004|133|3|16.0000000000|1|
557|4001679|87083004|133|3|0|2227|
551|4001679|87083004|134|00|BALATAS|79.41818|9332|8736|453.20|110.000|12|110.00000|6||0|1||||CHN|HKG|||||
553|4001679|87083004|134|N3||NOM-050-SCFI-2004|||
554|4001679|87083004|134|UM|T|||
554|4001679|87083004|134|ES|N|||
556|4001679|87083004|134|3|16.0000000000|1|
557|4001679|87083004|134|3|0|1505|
551|4001679|87083004|135|00|BALATAS|80.77143|30200|28270|1466.50|350.000|12|350.00000|6||0|1||||CHN|HKG|||||
553|4001679|87083004|135|N3||NOM-050-SCFI-2004|||
554|4001679|87083004|135|UM|T|||
554|4001679|87083004|135|ES|N|||
556|4001679|87083004|135|3|16.0000000000|1|
557|4001679|87083004|135|3|0|4871|
551|4001679|87083004|136|00|BALATAS|75.75000|3237|3030|157.20|40.000|12|40.00000|6||0|1||||CHN|HKG|||||
553|4001679|87083004|136|N3||NOM-050-SCFI-2004|||
554|4001679|87083004|136|UM|T|||
554|4001679|87083004|136|ES|N|||
556|4001679|87083004|136|3|16.0000000000|1|
557|4001679|87083004|136|3|0|522|
551|4001679|87083004|137|00|BALATAS|128.19333|20541|19229|997.50|150.000|12|150.00000|6||0|1||||CHN|HKG|||||
553|4001679|87083004|137|N3||NOM-050-SCFI-2004|||
554|4001679|87083004|137|UM|T|||
554|4001679|87083004|137|ES|N|||
556|4001679|87083004|137|3|16.0000000000|1|
557|4001679|87083004|137|3|0|3313|
551|4001679|87083004|138|00|BALATAS|227.48000|12150|11374|590.00|50.000|12|50.00000|6||0|1||||CHN|HKG|||||
553|4001679|87083004|138|N3||NOM-050-SCFI-2004|||
554|4001679|87083004|138|UM|T|||
554|4001679|87083004|138|ES|N|||
556|4001679|87083004|138|3|16.0000000000|1|
557|4001679|87083004|138|3|0|1960|
551|4001679|87083004|139|00|BALATAS|77.49474|15729|14724|763.80|190.000|12|190.00000|6||0|1||||CHN|HKG|||||
553|4001679|87083004|139|N3||NOM-050-SCFI-2004|||
554|4001679|87083004|139|UM|T|||
554|4001679|87083004|139|ES|N|||
556|4001679|87083004|139|3|16.0000000000|1|
557|4001679|87083004|139|3|0|2537|
551|4001679|87083004|140|00|BALATAS|104.10000|11121|10410|540.00|100.000|12|100.00000|6||0|1||||CHN|HKG|||||
553|4001679|87083004|140|N3||NOM-050-SCFI-2004|||
554|4001679|87083004|140|UM|T|||
554|4001679|87083004|140|ES|N|||
556|4001679|87083004|140|3|16.0000000000|1|
557|4001679|87083004|140|3|0|1794|
551|4001679|87083004|141|00|BALATAS|111.81000|11944|11181|580.00|100.000|12|100.00000|6||0|1||||CHN|HKG|||||
553|4001679|87083004|141|N3||NOM-050-SCFI-2004|||
554|4001679|87083004|141|UM|T|||
554|4001679|87083004|141|ES|N|||
556|4001679|87083004|141|3|16.0000000000|1|
557|4001679|87083004|141|3|0|1926|
551|4001679|87083004|142|00|BALATAS|61.11071|18279|17111|887.60|280.000|12|280.00000|6||0|1||||CHN|HKG|||||
553|4001679|87083004|142|N3||NOM-050-SCFI-2004|||
554|4001679|87083004|142|UM|T|||
554|4001679|87083004|142|ES|N|||
556|4001679|87083004|142|3|16.0000000000|1|
557|4001679|87083004|142|3|0|2948|
551|4001679|87083004|143|00|BALATAS|71.52000|19100|17880|927.50|250.000|12|250.00000|6||0|1||||CHN|HKG|||||
553|4001679|87083004|143|N3||NOM-050-SCFI-2004|||
554|4001679|87083004|143|UM|T|||
554|4001679|87083004|143|ES|N|||
556|4001679|87083004|143|3|16.0000000000|1|
557|4001679|87083004|143|3|0|3080|
551|4001679|87083004|144|00|BALATAS|80.38000|4293|4019|208.50|50.000|12|50.00000|6||0|1||||CHN|HKG|||||
553|4001679|87083004|144|N3||NOM-050-SCFI-2004|||
554|4001679|87083004|144|UM|T|||
554|4001679|87083004|144|ES|N|||
556|4001679|87083004|144|3|16.0000000000|1|
557|4001679|87083004|144|3|0|692|
551|4001679|87083004|145|00|BALATAS|85.20667|13653|12781|663.00|150.000|12|150.00000|6||0|1||||CHN|HKG|||||
553|4001679|87083004|145|N3||NOM-050-SCFI-2004|||
554|4001679|87083004|145|UM|T|||
554|4001679|87083004|145|ES|N|||
556|4001679|87083004|145|3|16.0000000000|1|
557|4001679|87083004|145|3|0|2202|
551|4001679|87083004|146|00|BALATAS|111.80667|17916|16771|870.00|150.000|12|150.00000|6||0|1||||CHN|HKG|||||
553|4001679|87083004|146|N3||NOM-050-SCFI-2004|||
554|4001679|87083004|146|UM|T|||
554|4001679|87083004|146|ES|N|||
556|4001679|87083004|146|3|16.0000000000|1|
557|4001679|87083004|146|3|0|2889|
551|4001679|87083004|147|00|BALATAS|109.30000|5838|5465|283.50|50.000|12|50.00000|6||0|1||||CHN|HKG|||||
553|4001679|87083004|147|N3||NOM-050-SCFI-2004|||
554|4001679|87083004|147|UM|T|||
554|4001679|87083004|147|ES|N|||
556|4001679|87083004|147|3|16.0000000000|1|
557|4001679|87083004|147|3|0|942|
551|4001679|87083004|148|00|BALATAS|151.14000|8073|7557|392.00|50.000|12|50.00000|6||0|1||||CHN|HKG|||||
553|4001679|87083004|148|N3||NOM-050-SCFI-2004|||
554|4001679|87083004|148|UM|T|||
554|4001679|87083004|148|ES|N|||
556|4001679|87083004|148|3|16.0000000000|1|
557|4001679|87083004|148|3|0|1302|
551|4001679|87083004|149|00|BALATAS|89.64000|9576|8964|465.00|100.000|12|100.00000|6||0|1||||CHN|HKG|||||
553|4001679|87083004|149|N3||NOM-050-SCFI-2004|||
554|4001679|87083004|149|UM|T|||
554|4001679|87083004|149|ES|N|||
556|4001679|87083004|149|3|16.0000000000|1|
557|4001679|87083004|149|3|0|1544|
551|4001679|87083004|150|00|BALATAS|142.07333|136593|127866|6633.00|900.000|12|900.00000|6||0|1||||CHN|HKG|||||
553|4001679|87083004|150|N3||NOM-050-SCFI-2004|||
554|4001679|87083004|150|UM|T|||
554|4001679|87083004|150|ES|N|||
556|4001679|87083004|150|3|16.0000000000|1|
557|4001679|87083004|150|3|0|22030|
551|4001679|87083004|151|00|BALATAS|122.98000|6569|6149|319.00|50.000|12|50.00000|6||0|1||||CHN|HKG|||||
553|4001679|87083004|151|N3||NOM-050-SCFI-2004|||
554|4001679|87083004|151|UM|T|||
554|4001679|87083004|151|ES|N|||
556|4001679|87083004|151|3|16.0000000000|1|
557|4001679|87083004|151|3|0|1060|
551|4001679|87083004|152|00|BALATAS|72.86957|17904|16760|869.40|230.000|12|230.00000|6||0|1||||CHN|HKG|||||
553|4001679|87083004|152|N3||NOM-050-SCFI-2004|||
554|4001679|87083004|152|UM|T|||
554|4001679|87083004|152|ES|N|||
556|4001679|87083004|152|3|16.0000000000|1|
557|4001679|87083004|152|3|0|2888|
551|4001679|87083004|153|00|BALATAS|97.16000|15569|14574|756.00|150.000|12|150.00000|6||0|1||||CHN|HKG|||||
553|4001679|87083004|153|N3||NOM-050-SCFI-2004|||
554|4001679|87083004|153|UM|T|||
554|4001679|87083004|153|ES|N|||
556|4001679|87083004|153|3|16.0000000000|1|
557|4001679|87083004|153|3|0|2511|
551|4001679|87083004|154|00|BALATAS|110.27000|11780|11027|572.00|100.000|12|100.00000|6||0|1||||CHN|HKG|||||
553|4001679|87083004|154|N3||NOM-050-SCFI-2004|||
554|4001679|87083004|154|UM|T|||
554|4001679|87083004|154|ES|N|||
556|4001679|87083004|154|3|16.0000000000|1|
557|4001679|87083004|154|3|0|1900|
551|4001679|87083004|155|00|BALATAS|88.48500|18905|17697|918.00|200.000|12|200.00000|6||0|1||||CHN|HKG|||||
553|4001679|87083004|155|N3||NOM-050-SCFI-2004|||
554|4001679|87083004|155|UM|T|||
554|4001679|87083004|155|ES|N|||
556|4001679|87083004|155|3|16.0000000000|1|
557|4001679|87083004|155|3|0|3049|
551|4001679|87083004|156|00|BALATAS|115.85714|8664|8110|420.70|70.000|12|70.00000|6||0|1||||CHN|HKG|||||
553|4001679|87083004|156|N3||NOM-050-SCFI-2004|||
554|4001679|87083004|156|UM|T|||
554|4001679|87083004|156|ES|N|||
556|4001679|87083004|156|3|16.0000000000|1|
557|4001679|87083004|156|3|0|1397|
551|4001679|87083004|157|00|BALATAS|178.51000|38139|35702|1852.00|200.000|12|200.00000|6||0|1||||CHN|HKG|||||
553|4001679|87083004|157|N3||NOM-050-SCFI-2004|||
554|4001679|87083004|157|UM|T|||
554|4001679|87083004|157|ES|N|||
556|4001679|87083004|157|3|16.0000000000|1|
557|4001679|87083004|157|3|0|6151|
551|4001679|87083004|158|00|BALATAS|64.57857|38632|36164|1876.00|560.000|12|560.00000|6||0|1||||CHN|HKG|||||
553|4001679|87083004|158|N3||NOM-050-SCFI-2004|||
554|4001679|87083004|158|UM|T|||
554|4001679|87083004|158|ES|N|||
556|4001679|87083004|158|3|16.0000000000|1|
557|4001679|87083004|158|3|0|6231|
551|4001679|87083004|159|00|BALATAS|87.13333|11170|10456|542.40|120.000|12|120.00000|6||0|1||||CHN|HKG|||||
553|4001679|87083004|159|N3||NOM-050-SCFI-2004|||
554|4001679|87083004|159|UM|T|||
554|4001679|87083004|159|ES|N|||
556|4001679|87083004|159|3|16.0000000000|1|
557|4001679|87083004|159|3|0|1801|
551|4001679|87083004|160|00|BALATAS|91.57000|9782|9157|475.00|100.000|12|100.00000|6||0|1||||CHN|HKG|||||
553|4001679|87083004|160|N3||NOM-050-SCFI-2004|||
554|4001679|87083004|160|UM|T|||
554|4001679|87083004|160|ES|N|||
556|4001679|87083004|160|3|16.0000000000|1|
557|4001679|87083004|160|3|0|1578|
551|4001679|87083004|161|00|BALATAS|53.97556|25947|24289|1260.00|450.000|12|450.00000|6||0|1||||CHN|HKG|||||
553|4001679|87083004|161|N3||NOM-050-SCFI-2004|||
554|4001679|87083004|161|UM|T|||
554|4001679|87083004|161|ES|N|||
556|4001679|87083004|161|3|16.0000000000|1|
557|4001679|87083004|161|3|0|4185|
551|4001679|87083004|162|00|BALATAS|82.50500|17627|16501|856.00|200.000|12|200.00000|6||0|1||||CHN|HKG|||||
553|4001679|87083004|162|N3||NOM-050-SCFI-2004|||
554|4001679|87083004|162|UM|T|||
554|4001679|87083004|162|ES|N|||
556|4001679|87083004|162|3|16.0000000000|1|
557|4001679|87083004|162|3|0|2843|
551|4001679|87083004|163|00|BALATAS|91.56667|14672|13735|712.50|150.000|12|150.00000|6||0|1||||CHN|HKG|||||
553|4001679|87083004|163|N3||NOM-050-SCFI-2004|||
554|4001679|87083004|163|UM|T|||
554|4001679|87083004|163|ES|N|||
556|4001679|87083004|163|3|16.0000000000|1|
557|4001679|87083004|163|3|0|2366|
551|4001679|87083004|164|00|BALATAS|81.54412|29617|27725|1438.20|340.000|12|340.00000|6||0|1||||CHN|HKG|||||
553|4001679|87083004|164|N3||NOM-050-SCFI-2004|||
554|4001679|87083004|164|UM|T|||
554|4001679|87083004|164|ES|N|||
556|4001679|87083004|164|3|16.0000000000|1|
557|4001679|87083004|164|3|0|4777|
551|4001679|87083004|165|00|BALATAS|85.01500|18164|17003|882.00|200.000|12|200.00000|6||0|1||||CHN|HKG|||||
553|4001679|87083004|165|N3||NOM-050-SCFI-2004|||
554|4001679|87083004|165|UM|T|||
554|4001679|87083004|165|ES|N|||
556|4001679|87083004|165|3|16.0000000000|1|
557|4001679|87083004|165|3|0|2929|
551|4001679|87083004|166|00|BALATAS|86.74857|32434|30362|1575.00|350.000|12|350.00000|6||0|1||||CHN|HKG|||||
553|4001679|87083004|166|N3||NOM-050-SCFI-2004|||
554|4001679|87083004|166|UM|T|||
554|4001679|87083004|166|ES|N|||
556|4001679|87083004|166|3|16.0000000000|1|
557|4001679|87083004|166|3|0|5231|
551|4001679|87083004|167|00|BALATAS|82.70000|15902|14886|772.20|180.000|12|180.00000|6||0|1||||CHN|HKG|||||
553|4001679|87083004|167|N3||NOM-050-SCFI-2004|||
554|4001679|87083004|167|UM|T|||
554|4001679|87083004|167|ES|N|||
556|4001679|87083004|167|3|16.0000000000|1|
557|4001679|87083004|167|3|0|2565|
551|4001679|87083004|168|00|BALATAS|83.47000|8917|8347|433.00|100.000|12|100.00000|6||0|1||||CHN|HKG|||||
553|4001679|87083004|168|N3||NOM-050-SCFI-2004|||
554|4001679|87083004|168|UM|T|||
554|4001679|87083004|168|ES|N|||
556|4001679|87083004|168|3|16.0000000000|1|
557|4001679|87083004|168|3|0|1438|
551|4001679|87083004|169|00|BALATAS|84.05000|26936|25215|1308.00|300.000|12|300.00000|6||0|1||||CHN|HKG|||||
553|4001679|87083004|169|N3||NOM-050-SCFI-2004|||
554|4001679|87083004|169|UM|T|||
554|4001679|87083004|169|ES|N|||
556|4001679|87083004|169|3|16.0000000000|1|
557|4001679|87083004|169|3|0|4344|
551|4001679|87083004|170|00|BALATAS|136.48000|21869|20472|1062.00|150.000|12|150.00000|6||0|1||||CHN|HKG|||||
553|4001679|87083004|170|N3||NOM-050-SCFI-2004|||
554|4001679|87083004|170|UM|T|||
554|4001679|87083004|170|ES|N|||
556|4001679|87083004|170|3|16.0000000000|1|
557|4001679|87083004|170|3|0|3527|
551|4001679|87083004|171|00|BALATAS|74.79714|27966|26179|1358.00|350.000|12|350.00000|6||0|1||||CHN|HKG|||||
553|4001679|87083004|171|N3||NOM-050-SCFI-2004|||
554|4001679|87083004|171|UM|T|||
554|4001679|87083004|171|ES|N|||
556|4001679|87083004|171|3|16.0000000000|1|
557|4001679|87083004|171|3|0|4510|
551|4001679|87083004|172|00|BALATAS|86.75000|1853|1735|90.00|20.000|12|20.00000|6||0|1||||CHN|HKG|||||
553|4001679|87083004|172|N3||NOM-050-SCFI-2004|||
554|4001679|87083004|172|UM|T|||
554|4001679|87083004|172|ES|N|||
556|4001679|87083004|172|3|16.0000000000|1|
557|4001679|87083004|172|3|0|299|
800|4001679|1|kcl6iUqMqC3cGfvgfaFccKT7XdW13yYWTcwPWAxzVAdW9KsMU7OBM3sTx+pJlqA42qgOqatEwAeLLIWL5/4c12JuuWDzaJgVtkH7Jw3V5Oe7Hfg1n75nTi0pOas2vguIa7Dg/9Qw6yNTrt+mTFbHJd/VxfIzprGEXItj6ZT6DLVAt8Jy899SXaFefhaYkHsMSDk6A113EiWQXg801HGejBpXW31gLXa+y9kXHewjWa5RZQW4ltne7w9LDp2NHCEpOYOQZ3EcYwi4jQkWAZuIavoL9NbE25LpQah92VaGxvt6d3DPdmhdaWgJd6b7udhsJIdsrpmnjpNXTXA9wstxuQ==|00001000000704430221|
801|m1698187.267|1|1055|059|
