500|1|3168|4005124|070||
501|3168|4005124|070|1|A1|070|AAMM940429MCLLRY07|AAMM940429JK9|GUAA401101HDFRLN07|19.27730|0|0|0|0||415|7|7|7|9|MAYTE BERENICE ALMARAZ MORALES|CALLE DE LA RAZA Col. PARTIDO ESCOBEDO||3551-5|32330|CD JUAREZ||MEX|GUAA401101UY6|0|0|0|0|0|
504|4005124|4CB5312A|60|
505|4005124|10092024|COVE24710Z0O1|DAP|USD|2100.00|2100.00|USA||811384592|YES FORWARDING EXPORT SERVICES|YERMOLAND DR||8600|79907|EL PASO|
506|4005124|1|23092024|
506|4005124|2|23092024|
507|4005124|ED|0170240XPYUA1|||
507|4005124|ED|0192240XY6EJ7|||
509|4005124|1|425|4|
509|4005124|15|290|2|
509|4005124|23|16|1|
510|4005124|1|0|425|
510|4005124|15|0|290|
510|4005124|23|0|46|
551|4005124|87115003|1|02|MOTOCICLETA|40482.00000|40482|40482|2100.00|1.000|6|1.00000|6||0|1||KAWASAKI|VULCAN 900 CLASSIC LT|JPN|USA|||||
552|4005124|87115003|1|JKAVN2D178A023331|0|
554|4005124|87115003|1|ES|U|||
554|4005124|87115003|1|OV|1|||
556|4005124|87115003|1|3|16.00000|1|
557|4005124|87115003|1|3|0|6545|
558|4005124|87115003|1|1|AÑO: 2008|
558|4005124|87115003|1|2|903CC|
800|4005124|1|jNe6+7lNLVBivb9sGxH4IZe3zg1iyKTfGvVcgGJefgwdL03Y+hhVwpHXSV83+sNQjrvkLzK6z//WBcHRiCi97SSW2MJis8NZzP9ALNv7rw7U5o54w/ToCmSnm+mxxNw+Bl6uMu4tr0OLenBJzhNbfuqIdVydFV3WksO0AMMZzCnJyAcCBr6Pzbl/1lm+ZIQsn3tAkUCQ6nRQ1IqUCHlGzs8cGr4otvCkelVwX9Qpg1Hn3XKrbNMVLieiCyjW73lhfpBEswPx6UUoUTBynY3V6bHIp9+QODh7XLjSVAAl/4pdgZ0ymUW/XHomA8PxmSLd4AMyA9Hu+h68CTGCDBZKhw==|00001000000506771870|
801|m3168242.267|1|23|059|
